kbpQueryId	nw	ng	forum	totalDocs
SF13_ENG_001	116	1	2	119
SF13_ENG_002	16	0	0	16
SF13_ENG_003	36	3	5	44
SF13_ENG_004	23	0	0	23
SF13_ENG_005	115	0	0	115
SF13_ENG_006	6	7	0	13
SF13_ENG_007	33	1	2	36
SF13_ENG_008	12	0	0	12
SF13_ENG_009	10	1	0	11
SF13_ENG_010	17	13	5	35
SF13_ENG_011	48	5	0	53
SF13_ENG_012	83	54	16	153
SF13_ENG_013	8	0	0	8
SF13_ENG_014	5	0	0	5
SF13_ENG_015	5	0	0	5
SF13_ENG_016	25	55	1	81
SF13_ENG_017	35	58	20	113
SF13_ENG_018	27	5	1	33
SF13_ENG_019	20	1	1	22
SF13_ENG_020	9	2	0	11
SF13_ENG_021	9	12	0	21
SF13_ENG_022	19	0	0	19
SF13_ENG_023	23	32	1	56
SF13_ENG_024	6	0	0	6
SF13_ENG_025	38	0	0	38
SF13_ENG_026	29	7	1	37
SF13_ENG_027	1	1	0	2
SF13_ENG_028	49	10	19	78
SF13_ENG_029	47	4	1	52
SF13_ENG_030	33	18	1	52
SF13_ENG_031	37	5	2	44
SF13_ENG_032	37	0	0	37
SF13_ENG_033	19	3	1	23
SF13_ENG_034	15	0	0	15
SF13_ENG_035	87	0	0	87
SF13_ENG_036	63	11	0	74
SF13_ENG_037	41	1	0	42
SF13_ENG_038	67	12	0	79
SF13_ENG_039	29	16	52	97
SF13_ENG_040	10	0	1	11
SF13_ENG_041	42	3	2	47
SF13_ENG_042	16	0	0	16
SF13_ENG_043	24	3	0	27
SF13_ENG_044	26	11	0	37
SF13_ENG_045	54	1	0	55
SF13_ENG_046	17	24	3	44
SF13_ENG_047	246	0	0	246
SF13_ENG_048	15	0	0	15
SF13_ENG_049	7	4	0	11
SF13_ENG_050	11	0	0	11
SF13_ENG_051	81	0	1	82
SF13_ENG_052	7	2	0	9
SF13_ENG_053	16	2	8	26
SF13_ENG_054	34	0	0	34
SF13_ENG_055	3	0	0	3
SF13_ENG_056	5	0	0	5
SF13_ENG_057	17	0	0	17
SF13_ENG_058	23	14	1	38
SF13_ENG_059	36	13	0	49
SF13_ENG_060	75	220	50	345
SF13_ENG_061	32	7	1	40
SF13_ENG_062	5	0	0	5
SF13_ENG_063	84	2	0	86
SF13_ENG_064	81	26	11	118
SF13_ENG_065	6	0	0	6
SF13_ENG_066	29	4	0	33
SF13_ENG_067	51	31	6	88
SF13_ENG_068	10	0	1	11
SF13_ENG_069	45	64	6	115
SF13_ENG_070	9	0	0	9
SF13_ENG_071	4	0	0	4
SF13_ENG_072	38	2	0	40
SF13_ENG_073	37	0	0	37
SF13_ENG_074	7	0	0	7
SF13_ENG_075	10	0	0	10
SF13_ENG_076	31	1	0	32
SF13_ENG_077	33	26	13	72
SF13_ENG_078	11	13	17	41
SF13_ENG_079	12	1	0	13
SF13_ENG_080	10	8	2	20
SF13_ENG_081	43	7	0	50
SF13_ENG_082	19	7	2	28
SF13_ENG_083	20	0	0	20
SF13_ENG_084	66	1	9	76
SF13_ENG_085	314	1	0	315
SF13_ENG_086	71	0	0	71
SF13_ENG_087	54	62	1	117
SF13_ENG_088	9	1	0	10
SF13_ENG_089	82	10	9	101
SF13_ENG_090	33	2	0	35
SF13_ENG_091	113	0	0	113
SF13_ENG_092	26	20	13	59
SF13_ENG_093	9	3	0	12
SF13_ENG_094	18	0	1	19
SF13_ENG_095	5	0	0	5
SF13_ENG_096	27	3	1	31
SF13_ENG_097	36	0	0	36
SF13_ENG_098	15	1	0	16
SF13_ENG_099	35	10	6	51
SF13_ENG_100	139	0	3	142
