kbpQueryId	nw	ng	forum	totalDocs
SF14_ENG_001	49	15	24	88
SF14_ENG_002	0	47	0	47
SF14_ENG_003	0	4	87	91
SF14_ENG_004	0	14	0	14
SF14_ENG_005	0	5	44	49
SF14_ENG_006	0	83	37	120
SF14_ENG_007	0	11	15	26
SF14_ENG_008	1	142	426	569
SF14_ENG_009	3	0	0	3
SF14_ENG_010	18	0	0	18
SF14_ENG_011	6	7	0	13
SF14_ENG_012	52	3	0	55
SF14_ENG_013	6	24	7	37
SF14_ENG_014	28	2	0	30
SF14_ENG_015	38	5	2	45
SF14_ENG_016	9	2	0	11
SF14_ENG_017	8	0	0	8
SF14_ENG_018	15	6	0	21
SF14_ENG_019	27	55	4	86
SF14_ENG_020	21	0	0	21
SF14_ENG_021	4	0	0	4
SF14_ENG_022	16	20	2	38
SF14_ENG_023	9	0	0	9
SF14_ENG_024	67	0	0	67
SF14_ENG_025	51	0	1	52
SF14_ENG_026	1	19	4	24
SF14_ENG_027	10	4	1	15
SF14_ENG_028	10	0	0	10
SF14_ENG_029	2	0	0	2
SF14_ENG_030	4	0	0	4
SF14_ENG_031	23	7	0	30
SF14_ENG_032	5	0	0	5
SF14_ENG_033	89	0	0	89
SF14_ENG_034	37	0	0	37
SF14_ENG_035	27	0	0	27
SF14_ENG_036	2	4	0	6
SF14_ENG_037	17	0	0	17
SF14_ENG_038	2	0	0	2
SF14_ENG_039	3	0	0	3
SF14_ENG_040	10	0	0	10
SF14_ENG_041	25	0	0	25
SF14_ENG_042	131	0	0	131
SF14_ENG_043	9	1	0	10
SF14_ENG_044	4	0	0	4
SF14_ENG_045	108	0	0	108
SF14_ENG_046	36	0	0	36
SF14_ENG_047	8	0	0	8
SF14_ENG_048	9	0	0	9
SF14_ENG_049	372	1	23	396
SF14_ENG_050	170	0	0	170
SF14_ENG_051	11	4	0	15
SF14_ENG_052	0	3	0	3
SF14_ENG_053	0	12	0	12
SF14_ENG_054	3	131	8	142
SF14_ENG_055	6	18	2	26
SF14_ENG_056	0	48	0	48
SF14_ENG_057	0	4	0	4
SF14_ENG_058	0	2	0	2
SF14_ENG_059	2	7	0	9
SF14_ENG_060	0	2	0	2
SF14_ENG_061	232	315	36	583
SF14_ENG_062	0	10	1	11
SF14_ENG_063	0	9	0	9
SF14_ENG_064	0	2	0	2
SF14_ENG_065	2	0	0	2
SF14_ENG_066	37	3	0	40
SF14_ENG_067	1	0	0	1
SF14_ENG_068	25	0	0	25
SF14_ENG_069	2	0	1	3
SF14_ENG_070	0	1	0	1
SF14_ENG_071	3	6	1	10
SF14_ENG_072	61	34	8	103
SF14_ENG_073	4	7	0	11
SF14_ENG_074	7	0	0	7
SF14_ENG_075	35	4	36	75
SF14_ENG_076	5	0	0	5
SF14_ENG_077	8	38	1	47
SF14_ENG_078	32	33	1	66
SF14_ENG_079	172	170	17	359
SF14_ENG_080	9	3	0	12
SF14_ENG_081	5	0	0	5
SF14_ENG_082	8	0	0	8
SF14_ENG_083	2	0	0	2
SF14_ENG_084	2	0	0	2
SF14_ENG_085	5	0	0	5
SF14_ENG_086	20	5	0	25
SF14_ENG_087	12	0	0	12
SF14_ENG_088	18	0	0	18
SF14_ENG_089	89	1	2	92
SF14_ENG_090	4	0	0	4
SF14_ENG_091	43	1	1	45
SF14_ENG_092	12	7	0	19
SF14_ENG_093	2	0	0	2
SF14_ENG_094	5	0	0	5
SF14_ENG_095	2	0	0	2
SF14_ENG_096	150	654	118	922
SF14_ENG_097	170	0	3	173
SF14_ENG_098	2	2	0	4
SF14_ENG_099	260	267	40	567
SF14_ENG_100	0	0	2	2
